2 4
2222 100
1111 50
101 40 1 5 
102 80 10 17
104 80 1 3
105 80 8 12

101 1111
102 2222
104 2222



2 4
2222 100
1111 80
101 40 1 5
102 80 10 17
104 80 1 3
105 80 8 12

101 1111
102 2222
104 2222
105 1111



2 4
2222 50
1111 50
105 50 3 6
104 20 1 3
102 20 1 4
101 50 4 6

102 1111
105 2222


3 3
1 100
2 100
3 100
111 80 1 5
222 80 1 5
333 80 1 5

111 1
222 2
333 3


4 4
1 80
2 80
3 80
4 100
111 100 3 12
222 80 1 3
333 80 1 3
444 80 1 3

222 1
333 2
444 3



1 4
2222 50
105 50 3 6
104 20 3 5
102 20 3 6
101 50 3 5

102 2222



2 4
2222 50
1111 100
909 50 1 3
808 20 3 7
707 80 1 23
606 100 1 7

808 1111
909 2222
